# table produced by mapDamage version 2.0.5-1-ge06bd84
# using mapped file Ust_Ishim.hg19_1000g.all.1M.21.bam and human_g1k_v37.fasta as reference file
# Chr: reference from sam/bam header, End: from which termini of DNA sequences, Std: strand of reads
Chr	End	Std	Pos	A	C	G	T	Total
21	3p	+	-70	54191	25987	32865	46192	159235
21	3p	+	-69	55408	26369	34106	49664	165547
21	3p	+	-68	61353	27709	31866	51092	172020
21	3p	+	-67	60027	28685	36712	53212	178636
21	3p	+	-66	61258	29838	35800	58734	185630
21	3p	+	-65	64485	32242	40589	55236	192552
21	3p	+	-64	67265	32122	40415	60221	200023
21	3p	+	-63	73156	33637	38526	62055	207374
21	3p	+	-62	73352	34870	43768	62981	214971
21	3p	+	-61	72978	36599	42367	71053	222997
21	3p	+	-60	78354	37210	48841	66645	231050
21	3p	+	-59	79442	37571	50086	72487	239586
21	3p	+	-58	89521	37913	46991	73746	248171
21	3p	+	-57	87337	40856	53817	74983	256993
21	3p	+	-56	91115	40679	51489	83058	266341
21	3p	+	-55	93233	44235	59406	78753	275627
21	3p	+	-54	97591	43645	58918	85256	285410
21	3p	+	-53	105672	46782	55134	87936	295524
21	3p	+	-52	104786	50303	62798	88216	306103
21	3p	+	-51	104761	50446	60475	101247	316929
21	3p	+	-50	112336	53489	70271	91676	327772
21	3p	+	-49	113879	52830	70032	102583	339324
21	3p	+	-48	126237	55769	68236	100847	351089
21	3p	+	-47	125717	58123	74584	104643	363067
21	3p	+	-46	127436	58028	71642	118368	375474
21	3p	+	-45	131556	62978	85255	108049	387838
21	3p	+	-44	134509	62577	85623	118562	401271
21	3p	+	-43	150715	65332	79741	119038	414826
21	3p	+	-42	148703	67007	91001	122435	429146
21	3p	+	-41	150054	66957	85617	139702	442330
21	3p	+	-40	156731	72755	101726	124170	455382
21	3p	+	-39	160535	70380	100725	137933	469573
21	3p	+	-38	178614	74158	94607	136302	483681
21	3p	+	-37	173498	77452	105410	141506	497866
21	3p	+	-36	171372	79739	99779	161194	512084
21	3p	+	-35	180467	82454	121343	141454	525718
21	3p	+	-34	177330	81354	115655	151378	525717
21	3p	+	-33	196501	81080	103166	144975	525722
21	3p	+	-32	183206	82943	112731	146899	525779
21	3p	+	-31	179119	79667	103710	163294	525790
21	3p	+	-30	181713	82244	120978	140848	525783
21	3p	+	-29	178559	80389	114694	152110	525752
21	3p	+	-28	195832	79472	103169	147322	525795
21	3p	+	-27	182442	82002	115549	145778	525771
21	3p	+	-26	178538	79662	104737	162840	525777
21	3p	+	-25	180058	82388	122933	140389	525768
21	3p	+	-24	178834	80849	114278	151801	525762
21	3p	+	-23	194906	80847	105287	144726	525766
21	3p	+	-22	181808	82862	114259	146822	525751
21	3p	+	-21	177969	79536	103230	165006	525741
21	3p	+	-20	178524	81105	123353	142754	525736
21	3p	+	-19	176576	80837	114102	154230	525745
21	3p	+	-18	192260	81349	103906	148268	525783
21	3p	+	-17	182992	80233	114238	148313	525776
21	3p	+	-16	176301	80025	104309	165135	525770
21	3p	+	-15	178485	84005	124184	139078	525752
21	3p	+	-14	176875	81639	114495	152759	525768
21	3p	+	-13	194702	82581	104566	143928	525777
21	3p	+	-12	181013	81270	114081	149411	525775
21	3p	+	-11	177363	79592	103133	165687	525775
21	3p	+	-10	176619	82138	123570	143442	525769
21	3p	+	-9	174795	81781	114013	155164	525753
21	3p	+	-8	195551	79461	102273	148509	525794
21	3p	+	-7	179296	82578	113329	150555	525758
21	3p	+	-6	176342	81899	101338	166184	525763
21	3p	+	-5	176596	82927	122898	143340	525761
21	3p	+	-4	177086	83624	114115	150943	525768
21	3p	+	-3	191241	80099	104155	150269	525764
21	3p	+	-2	197747	63995	127660	136360	525762
21	3p	+	-1	180637	49770	79519	215833	525759
21	3p	+	1	188505	79678	204246	53417	525846
21	3p	+	2	156848	74009	128222	166767	525846
21	3p	+	3	188608	75382	113613	148243	525846
21	3p	+	4	173245	84205	117226	151170	525846
21	3p	+	5	172597	81052	106310	165887	525846
21	3p	+	6	173639	86085	124380	141742	525846
21	3p	+	7	174480	78506	115298	157562	525846
21	3p	+	8	190295	80759	105349	149443	525846
21	3p	+	9	177774	81635	116202	150235	525846
21	3p	+	10	172055	80841	107356	165594	525846
21	3p	-	-70	46241	30687	24646	51219	152793
21	3p	-	-69	48083	30383	26488	53377	158331
21	3p	-	-68	50650	30533	26117	56872	164172
21	3p	-	-67	50179	32982	28325	58566	170052
21	3p	-	-66	52110	34417	29261	60455	176243
21	3p	-	-65	54696	36701	29976	61308	182681
21	3p	-	-64	57459	37264	31068	63412	189203
21	3p	-	-63	60451	36972	31005	67507	195935
21	3p	-	-62	60770	39319	33468	69135	202692
21	3p	-	-61	61841	41333	34290	72243	209707
21	3p	-	-60	66316	43110	35456	71989	216871
21	3p	-	-59	67694	43283	37290	76071	224338
21	3p	-	-58	73043	42379	37694	78971	232087
21	3p	-	-57	72100	46372	39969	81567	240008
21	3p	-	-56	76207	46567	41145	84098	248017
21	3p	-	-55	78526	51012	42294	84590	256422
21	3p	-	-54	83079	50771	42812	88409	265071
21	3p	-	-53	85535	51857	43417	93180	273989
21	3p	-	-52	85448	56458	45377	95995	283278
21	3p	-	-51	87335	57062	47305	100828	292530
21	3p	-	-50	92067	62351	48196	99747	302361
21	3p	-	-49	94540	61425	50151	106139	312255
21	3p	-	-48	99652	61971	52604	108409	322636
21	3p	-	-47	98354	65674	53674	115314	333016
21	3p	-	-46	103846	66382	55695	117822	343745
21	3p	-	-45	106530	74880	56726	116577	354713
21	3p	-	-44	111417	73178	59084	122738	366417
21	3p	-	-43	117934	72811	60606	126806	378157
21	3p	-	-42	116331	76952	63046	134110	390439
21	3p	-	-41	122060	78263	63283	138221	401827
21	3p	-	-40	126181	87540	65683	134209	413613
21	3p	-	-39	132850	85054	68212	139617	425733
21	3p	-	-38	139222	83307	69552	145918	437999
21	3p	-	-37	134738	89127	71240	154926	450031
21	3p	-	-36	137747	93121	72989	158268	462125
21	3p	-	-35	143879	101993	75763	152377	474012
21	3p	-	-34	143870	97991	76782	155373	474016
21	3p	-	-33	150680	92728	74582	156017	474007
21	3p	-	-32	138943	97401	76825	160901	474070
21	3p	-	-31	145002	93795	74887	160389	474073
21	3p	-	-30	144076	101582	76613	151808	474079
21	3p	-	-29	145362	96293	77214	155193	474062
21	3p	-	-28	150360	91103	76314	156286	474063
21	3p	-	-27	140489	95865	78435	159261	474050
21	3p	-	-26	144827	94638	77186	157406	474057
21	3p	-	-25	144156	100731	77864	151293	474044
21	3p	-	-24	144950	97447	77111	154558	474066
21	3p	-	-23	150118	91639	77668	154640	474065
21	3p	-	-22	139733	97823	76492	160001	474049
21	3p	-	-21	143996	95112	74513	160410	474031
21	3p	-	-20	142773	99748	77500	154003	474024
21	3p	-	-19	143438	97590	76632	156383	474043
21	3p	-	-18	147092	92099	76089	158797	474077
21	3p	-	-17	141417	95357	75440	161862	474076
21	3p	-	-16	141106	94447	76307	162209	474069
21	3p	-	-15	142895	103538	76375	151243	474051
21	3p	-	-14	145898	98644	75262	154253	474057
21	3p	-	-13	148088	94314	77305	154356	474063
21	3p	-	-12	140421	97060	75282	161307	474070
21	3p	-	-11	143936	94853	75401	159874	474064
21	3p	-	-10	141604	101700	75770	154977	474051
21	3p	-	-9	142522	98342	76047	157154	474065
21	3p	-	-8	150433	91614	74055	157966	474068
21	3p	-	-7	137170	96560	75242	165097	474069
21	3p	-	-6	140888	97144	73481	162560	474073
21	3p	-	-5	139055	103758	76021	155221	474055
21	3p	-	-4	144235	100853	75132	153839	474059
21	3p	-	-3	144761	91357	76869	161069	474056
21	3p	-	-2	154927	77049	90873	151198	474047
21	3p	-	-1	148394	60083	56431	209130	474038
21	3p	-	1	156246	99749	158730	59381	474106
21	3p	-	2	130798	89635	89373	164289	474095
21	3p	-	3	146491	86832	86183	154586	474092
21	3p	-	4	134876	97122	79190	162900	474088
21	3p	-	5	141660	94260	78056	160094	474070
21	3p	-	6	137776	104258	78361	153667	474062
21	3p	-	7	144025	93484	77173	159373	474055
21	3p	-	8	145434	92221	77266	159130	474051
21	3p	-	9	137858	96001	76134	164055	474048
21	3p	-	10	137882	95293	80157	160712	474044
21	5p	+	-10	180164	82549	107517	155483	525713
21	5p	+	-9	180991	80823	109636	154275	525725
21	5p	+	-8	169035	83904	119620	153175	525734
21	5p	+	-7	176698	83158	114197	151701	525754
21	5p	+	-6	182664	83495	117590	142007	525756
21	5p	+	-5	181899	82188	109979	151697	525763
21	5p	+	-4	179952	82200	113433	150184	525769
21	5p	+	-3	174114	87095	125833	138733	525775
21	5p	+	-2	180760	80238	119244	145541	525783
21	5p	+	-1	185993	104846	168996	65963	525798
21	5p	+	1	171043	74067	97175	183301	525586
21	5p	+	2	181009	74425	112505	157837	525776
21	5p	+	3	170378	79657	117684	155483	523202
21	5p	+	4	184958	79879	111287	149651	525775
21	5p	+	5	187929	82660	113859	141316	525764
21	5p	+	6	188123	79388	104343	153934	525788
21	5p	+	7	183331	82272	106713	153468	525784
21	5p	+	8	175333	81387	118736	150313	525769
21	5p	+	9	179518	82727	112033	151523	525801
21	5p	+	10	190192	81757	112014	141826	525789
21	5p	+	11	185009	80445	105632	154696	525782
21	5p	+	12	182755	83669	107454	151910	525788
21	5p	+	13	174309	82663	118533	150275	525780
21	5p	+	14	179332	82887	113770	149789	525778
21	5p	+	15	188220	81320	114346	141904	525790
21	5p	+	16	183246	81899	105551	155076	525772
21	5p	+	17	184116	80195	107802	153660	525773
21	5p	+	18	171516	82749	118869	152640	525774
21	5p	+	19	182486	79463	112687	151147	525783
21	5p	+	20	187773	81558	114206	142233	525770
21	5p	+	21	185002	81235	106103	153437	525777
21	5p	+	22	184167	80866	108685	152046	525764
21	5p	+	23	174351	81574	120471	149340	525736
21	5p	+	24	181327	80977	114373	149096	525773
21	5p	+	25	189749	81750	112974	141301	525774
21	5p	+	26	183684	80877	105019	156196	525776
21	5p	+	27	182126	82456	109237	151968	525787
21	5p	+	28	174111	81763	117586	152319	525779
21	5p	+	29	179659	82231	113335	150566	525791
21	5p	+	30	187643	80929	113389	143824	525785
21	5p	+	31	184353	81411	105439	154570	525773
21	5p	+	32	183670	80602	107948	153561	525781
21	5p	+	33	174886	80074	118828	151997	525785
21	5p	+	34	180962	81075	114129	149616	525782
21	5p	+	35	188974	79066	114314	143436	525790
21	5p	+	36	179486	78917	103503	150250	512156
21	5p	+	37	174790	76413	100499	146253	497955
21	5p	+	38	160960	74038	106461	142270	483729
21	5p	+	39	162283	69860	98496	139011	469650
21	5p	+	40	162533	69242	96881	126826	455482
21	5p	+	41	156811	67133	85333	133123	442400
21	5p	+	42	150285	65133	86235	127573	429226
21	5p	+	43	138852	64117	89216	122730	414915
21	5p	+	44	138141	62101	83254	117835	401331
21	5p	+	45	137219	59138	81959	109589	387905
21	5p	+	46	131527	57757	73403	112868	375555
21	5p	+	47	125109	55649	72263	110135	363156
21	5p	+	48	115710	55708	75543	104195	351156
21	5p	+	49	116200	53075	69393	100746	339414
21	5p	+	50	116511	51400	67593	92329	327833
21	5p	+	51	111129	49710	60358	95804	317001
21	5p	+	52	105546	48235	59806	92570	306157
21	5p	+	53	98169	46442	61861	89115	295587
21	5p	+	54	98199	44683	57621	84938	285441
21	5p	+	55	97421	43394	55078	79744	275637
21	5p	+	56	93047	42362	49752	81199	266360
21	5p	+	57	88336	40825	49484	78401	257046
21	5p	+	58	82034	39535	51491	75162	248222
21	5p	+	59	80606	38800	48103	72100	239609
21	5p	+	60	80315	37029	46410	67345	231099
21	5p	+	61	76639	35408	42082	68896	223025
21	5p	+	62	73864	34158	41973	65015	215010
21	5p	+	63	69697	32321	42934	62461	207413
21	5p	+	64	68683	31359	40117	59906	200065
21	5p	+	65	68031	29693	39019	55829	192572
21	5p	+	66	64499	28653	35212	57305	185669
21	5p	+	67	61927	27986	34270	54468	178651
21	5p	+	68	57086	27267	35193	52496	172042
21	5p	+	69	56334	26073	32630	50536	165573
21	5p	+	70	54738	25674	31500	47342	159254
21	5p	-	-10	143808	93272	78107	158933	474120
21	5p	-	-9	141746	91386	77605	163383	474120
21	5p	-	-8	133525	100217	77127	163251	474120
21	5p	-	-7	139579	103661	77548	153332	474120
21	5p	-	-6	143136	101152	80604	149228	474120
21	5p	-	-5	145923	92719	81114	154364	474120
21	5p	-	-4	142381	90718	82232	158789	474120
21	5p	-	-3	139424	101856	85477	147363	474120
21	5p	-	-2	145497	99679	81691	147253	474120
21	5p	-	-1	150067	124819	131495	67739	474120
21	5p	-	1	137427	84690	67524	184255	473896
21	5p	-	2	143027	83279	79804	167972	474082
21	5p	-	3	135379	96032	74273	165883	471567
21	5p	-	4	147142	100475	74732	151707	474056
21	5p	-	5	148173	101466	75077	149348	474064
21	5p	-	6	150684	89614	75034	158752	474084
21	5p	-	7	143657	91951	74064	164409	474081
21	5p	-	8	138794	99352	75241	160687	474074
21	5p	-	9	141167	102553	75752	154605	474077
21	5p	-	10	149242	101281	74362	149185	474070
21	5p	-	11	148293	91987	76708	157078	474066
21	5p	-	12	143421	93721	74974	161958	474074
21	5p	-	13	138250	99649	76640	159528	474067
21	5p	-	14	141329	103690	76720	152328	474067
21	5p	-	15	148918	100229	76527	148392	474066
21	5p	-	16	145548	93505	75513	159501	474067
21	5p	-	17	144789	90623	75089	163577	474078
21	5p	-	18	135543	99569	75921	163030	474063
21	5p	-	19	144183	100245	76497	153150	474075
21	5p	-	20	146600	100102	77165	150205	474072
21	5p	-	21	147584	92173	77340	156962	474059
21	5p	-	22	144091	90883	76717	162372	474063
21	5p	-	23	136391	98492	78548	160609	474040
21	5p	-	24	143642	100980	77260	152187	474069
21	5p	-	25	149152	99680	76815	148427	474074
21	5p	-	26	146963	92522	76302	158281	474068
21	5p	-	27	143576	91145	76014	163326	474061
21	5p	-	28	138602	97273	76161	162038	474074
21	5p	-	29	142247	102390	75648	153794	474079
21	5p	-	30	147267	98710	77229	150873	474079
21	5p	-	31	147726	91692	75114	159532	474064
21	5p	-	32	144873	89091	75503	164590	474057
21	5p	-	33	137853	96309	76712	163199	474073
21	5p	-	34	142412	101300	77204	153159	474075
21	5p	-	35	148978	97481	77154	150466	474079
21	5p	-	36	143289	88872	76014	153987	462162
21	5p	-	37	137977	84276	71205	156653	450111
21	5p	-	38	128082	89563	70108	150324	438077
21	5p	-	39	130372	87851	67847	139746	425816
21	5p	-	40	130200	83077	66945	133457	413679
21	5p	-	41	126395	75023	63577	136910	401905
21	5p	-	42	120000	71153	62270	137098	390521
21	5p	-	43	110299	76070	61419	130463	378251
21	5p	-	44	111583	75460	59493	119935	366471
21	5p	-	45	110436	70885	58176	115273	354770
21	5p	-	46	107768	63959	55562	116514	343803
21	5p	-	47	100661	61618	54080	116736	333095
21	5p	-	48	94653	64986	52510	110558	322707
21	5p	-	49	95755	63192	50481	102942	312370
21	5p	-	50	95531	59562	49365	97933	302391
21	5p	-	51	91276	54391	47527	99407	292601
21	5p	-	52	86199	53145	45574	98403	283321
21	5p	-	53	81805	53906	43915	94439	274065
21	5p	-	54	81433	53729	42440	87491	265093
21	5p	-	55	80630	50594	41196	84010	256430
21	5p	-	56	77287	46401	39273	85078	248039
21	5p	-	57	72668	44634	38349	84400	240051
21	5p	-	58	68141	45936	37188	80843	232108
21	5p	-	59	66938	46209	36008	75218	224373
21	5p	-	60	67214	42540	35183	71970	216907
21	5p	-	61	64257	38492	34431	72560	209740
21	5p	-	62	60895	36972	33735	71112	202714
21	5p	-	63	58472	37747	31974	67764	195957
21	5p	-	64	57606	37813	30965	62859	189243
21	5p	-	65	57464	35271	29814	60160	182709
21	5p	-	66	54883	31348	29318	60724	176273
21	5p	-	67	52189	30744	27495	59667	170095
21	5p	-	68	48492	32030	26420	57274	164216
21	5p	-	69	48123	31795	25840	52603	158361
21	5p	-	70	46331	30318	25134	51027	152810
